# oST version 5.0 parameters


[image]

width
1624

height
1234

[narrow_stereo]

camera matrix
1918.412263 0.000000 831.707689
0.000000 1912.356805 636.479080
0.000000 0.000000 1.000000

distortion
-0.109684 0.374537 -0.003725 0.002179 0.000000

rectification
1.000000 0.000000 0.000000
0.000000 1.000000 0.000000
0.000000 0.000000 1.000000

projection
1922.024902 0.000000 833.571480 0.000000
0.000000 1912.502563 632.790241 0.000000
0.000000 0.000000 1.000000 0.000000

